1
2
3
6
20
22
25
26
27
28
29
32
35
37
41
44
45
49
54
75
82
86
90
92
100
102
106
109
112
113
118
127
128
143
149
153
155
159
160
162
164
169
170
177
186
187
191
193
194
195
206
209
213
230
241
244
248
252
253
264
268
270
275
277
292
294
309
310
314
316
326
333
348
362
363
372
373
375
391
396
415
422
435
438
440
443
448
452
454
460
464
466
467
470
471
473
481
482
483
486
498
502
504
508
509
510
511
514
515
516
517
523
524
528
536
537
539
542
543
544
549
550
563
566
569
572
575
580
587
593
595
596
