4
9
16
24
34
36
38
39
40
42
51
52
53
57
59
63
64
68
70
84
89
91
93
96
98
101
105
110
114
117
120
121
123
124
125
126
130
132
133
135
138
142
144
145
151
152
156
158
165
166
172
173
178
183
188
197
203
205
207
208
210
211
219
220
222
223
225
227
228
229
233
236
239
240
242
243
245
247
251
254
261
263
265
278
281
284
288
293
298
299
301
304
306
312
319
324
332
342
343
344
347
349
356
357
358
359
377
380
382
384
385
387
389
390
392
393
395
399
400
407
409
411
412
416
417
418
419
423
424
426
428
436
437
446
449
450
455
456
457
462
465
468
474
475
476
477
479
480
488
489
491
495
499
505
506
519
522
547
548
558
565
567
578
579
583
584
588
597
