2
4
9
16
24
29
32
34
36
38
39
40
41
42
44
45
49
51
52
53
57
59
63
64
68
70
82
84
89
91
93
96
98
101
105
109
114
117
120
121
123
124
125
126
128
130
132
133
135
138
142
143
144
145
151
152
156
158
159
160
166
173
177
178
183
188
191
193
197
203
205
206
207
210
211
213
219
220
222
223
225
227
228
230
233
239
240
242
243
245
247
248
251
254
261
263
264
265
268
270
278
281
284
288
292
293
294
298
299
301
304
306
314
319
324
332
342
343
344
347
348
349
357
358
359
362
373
375
377
382
385
387
389
390
392
393
395
396
399
400
407
409
411
412
415
416
417
419
422
423
424
426
428
435
436
437
438
440
446
449
450
455
456
457
462
465
466
467
468
471
474
475
476
477
479
480
481
482
483
488
491
495
498
499
502
504
505
506
508
510
519
522
524
536
537
539
542
543
544
547
548
549
558
563
565
567
569
575
578
579
580
583
584
588
595
596
597
